$ 1 0.000005 0 1 5 50 5e-11
a 272 224 400 224 8 15 -15 1000000 0.010566329900725506 0 100000
172 144 208 96 208 0 7 6 10 0 0 0.5 - Voltage
O 432 224 480 224 1 0
r 208 208 208 304 0 50
r 208 144 432 144 0 1000
r 432 224 432 304 0 180
c 144 208 208 208 0 0.0000036 5.989433670099275 0.001
g 272 304 272 336 0 0
w 208 208 272 208 0
w 208 304 272 304 0
w 432 304 272 304 0
w 400 224 432 224 0
w 432 144 432 224 0
w 208 144 208 208 0
w 272 240 272 304 0
o 3 64 0 4099 10 0.2 0 2 3 3
o 4 64 0 4099 40 0.1 1 2 4 3
o 5 64 0 4099 20 0.1 2 2 5 3
o 6 64 0 4099 10 0.2 3 2 6 3
