$ 1 0.000005 173.42552219524063 80 5 50 5e-11
a 272 224 400 224 8 15 -15 1000000 3.375474690066768e-7 0 100000
O 432 224 480 224 1 0
r 208 208 208 304 0 50
r 208 144 432 144 0 1000
r 432 224 432 304 0 180
c 144 208 208 208 0 0.0000036 0.9995543293609762 0.001
g 272 304 272 336 0 0
w 208 208 272 208 0
w 208 304 272 304 0
w 432 304 272 304 0
w 400 224 432 224 0
w 432 144 432 224 0
w 208 144 208 208 0
w 272 240 272 304 0
v 144 304 144 208 0 1 50 1 0 1.5707963267948966 0.5
g 144 304 144 336 0 0
o 2 32 0 4099 0.0000762939453125 0.00009765625 0 2 2 3
o 3 32 0 4099 5 0.00625 1 2 3 3
o 4 32 0 4099 5 0.05 2 2 4 3
o 5 32 0 4099 5 0.00625 3 2 5 3
